0.002,0.8884552845528455,0.877134336184577,0.8700452907534133,0
0.004,0.8761879792881956,0.8651552099123443,0.8550458715596331,0
0.006,0.8668450434380471,0.8545714190827273,0.8466442953020135,0
0.008,0.8603964011818996,0.8479407249182298,0.8392489972022786,0
0.01,0.8533297655283139,0.8406050420168067,0.8306657151595473,0
0.012,0.8460398706896551,0.8312137552141622,0.8237908049905999,0
0.014,0.8417032781345049,0.8280670725485527,0.8201942547276658,0
0.016,0.8344942407665387,0.8191955123819948,0.813257993384785,0
0.018000000000000002,0.8319961925482731,0.816477603756126,0.8096060815480304,0
0.020000000000000004,0.8272140441954985,0.8131158798283262,0.8074542751443488,0
0.022,0.825633484936566,0.8107996560619088,0.8062541077173199,0
0.024,0.824762035198247,0.8086896551724138,0.8044096235179921,0
0.026000000000000002,0.8237711936975509,0.8057812662079458,0.8023906320580979,0
0.028000000000000004,0.8228061136871029,0.8046431046431046,0.8006408470325996,0
0.03,0.8208878360284272,0.8023868998057174,0.7983128834355828,0
0.032,0.8208878360284272,0.8023868998057174,0.7983128834355828,0
0.034,0.8211624952792941,0.8033702021427829,0.7992337164750958,0
0.036000000000000004,0.8202378497284664,0.8028310724074523,0.7990522317850797,0
0.038000000000000006,0.8204318423672377,0.8034087366196695,0.8001809576837416,0
0.04,0.8189533725045528,0.8018183711003921,0.7984671659989548,0
0.042,0.8122291766971593,0.7932560002786777,0.7900241351568785,0
0.044000000000000004,0.8107083792723263,0.7902926880442004,0.7872213445673162,0
0.046,0.8136082474226805,0.7913684137015957,0.7891880536395784,0
0.048,0.8143362771038796,0.7882612811612496,0.7855836849507736,0
0.05,0.815323355759989,0.7874474053295932,0.7850638163215077,0
0.052000000000000005,0.815323355759989,0.7874474053295932,0.7850638163215077,0
0.054000000000000006,0.8169081629157675,0.7847710030907559,0.7845288326300984,0
0.056,0.8169081629157675,0.7847710030907559,0.7845288326300984,0
0.058,0.8144818119423473,0.7819607016063833,0.7810892693581343,0
0.060000000000000005,0.8144818119423473,0.7819607016063833,0.7810892693581343,0
0.062,0.8137514166981489,0.7817555211703474,0.7819141449683321,0
0.064,0.8152218711361451,0.7829730300683051,0.7840749084764855,0
0.066,0.8152218711361451,0.7829730300683051,0.7840749084764855,0
0.068,0.8178578770643459,0.7820788277975415,0.7858096241657886,0
0.07,0.8178578770643459,0.7820788277975415,0.7858096241657886,0
0.07200000000000001,0.8175207518693832,0.7796550261558037,0.7844545358538388,0
0.07400000000000001,0.8243390569637503,0.7863193785370312,0.7879234684921889,0
0.076,0.8258314366273737,0.7930817610062894,0.7965582108270048,0
0.078,0.8266178266178266,0.7930084080521927,0.7956974275072232,0
0.002,0.866617538688283,0.8570002329528437,0.8425922798959846,1
0.004,0.8556444563974989,0.8390688259109311,0.8253195791493882,1
0.006,0.8503486139647681,0.8286356209150327,0.8161193411374702,1
0.008,0.8396894809993559,0.8148632375709617,0.8024846454494696,1
0.01,0.8351199591628382,0.8003631031352559,0.7914755486557054,1
0.012,0.836225338721179,0.7939500527611678,0.7861530268063199,1
0.014,0.8349323660033223,0.7839477699322287,0.7781828579598256,1
0.016,0.8295767465578786,0.7580732847667718,0.7543776620918126,1
0.018000000000000002,0.8236339404709018,0.7394015422646939,0.7439073699687557,1
0.020000000000000004,0.8269491985873404,0.7220492817762443,0.7213582751108106,1
0.022,0.8263391796994267,0.7124165755439086,0.8331099195710456,1
0.024,0.8274089356377042,0.8342253144233343,0.8346156419348364,1
0.026000000000000002,0.8379523094880774,0.8545900834560628,0.856218759188474,1
0.028000000000000004,0.8562547037073395,0.8559942476140672,0.862531242899341,1
0.03,0.8296167130545589,0.8261687264911338,0.8515998167898973,1
0.032,0.8296167130545589,0.8261687264911338,0.8515998167898973,1
0.034,0.8328164082041021,0.8530131488792456,0.8657282427047178,1
0.036000000000000004,0.8317981577893472,0.8526878914405011,0.8644874847178431,1
0.038000000000000006,0.8700118026093336,0.8663098176223597,0.8663375857426758,1
0.04,0.8753006709710089,0.869717748365492,0.8695402482212934,1
0.042,0.8813995854010931,0.8660282484066233,0.8660282484066233,1
0.044000000000000004,0.8972094449555351,0.879972393022964,0.880183175459507,1
0.046,0.9072563591323787,0.8881440099317194,0.8902435250796794,1
0.048,0.9072563591323787,0.8881440099317194,0.8902435250796794,1
0.05,0.9082384058188813,0.8776366026162609,0.8776289434151227,1
0.052000000000000005,0.9082384058188813,0.8776366026162609,0.8776289434151227,1
0.054000000000000006,0.9082384058188813,0.8776366026162609,0.8776289434151227,1
0.056,0.9088779432964921,0.8808031677735166,0.8806286640888112,1
0.058,0.9162655256433113,0.8979666493918239,0.8977986462589183,1
0.060000000000000005,0.9162655256433113,0.8979666493918239,0.8977986462589183,1
0.062,0.9162655256433113,0.8979666493918239,0.8977986462589183,1
0.064,0.9162655256433113,0.8979666493918239,0.8977986462589183,1
0.066,0.9162655256433113,0.8979666493918239,0.8977986462589183,1
0.068,0.9162655256433113,0.8979666493918239,0.8977986462589183,1
0.07,0.9162655256433113,0.8979666493918239,0.8977986462589183,1
0.07200000000000001,0.9177314636387892,0.871857794557181,0.871857794557181,1
0.07400000000000001,0.9177314636387892,0.871857794557181,0.871857794557181,1
0.076,0.9270562073909354,0.9003609451302739,0.9003609451302739,1
0.078,0.9270562073909354,0.9003609451302739,0.9003609451302739,1
0.002,0.8650620962072775,0.847779417684154,0.8361163067505526,2
0.004,0.853133203203877,0.829790851895936,0.8172725391460303,2
0.006,0.8445510114484482,0.8177509102150168,0.8056057866184448,2
0.008,0.8389261744966443,0.8016459757288324,0.7933413106215246,2
0.01,0.8325508607198748,0.7889014402711099,0.781394686231213,2
0.012,0.8337746995314728,0.7734240687679083,0.7680276766730333,2
0.014,0.8290673927842069,0.7535660866075663,0.7508694856306058,2
0.016,0.8222100656455142,0.7355521824441894,0.7336228333890065,2
0.018000000000000002,0.8281711164636836,0.7193305062483581,0.718875652925482,2
0.020000000000000004,0.8284719640382601,0.7053601911915329,0.8315036761003122,2
0.022,0.8424169827643575,0.8468575580435285,0.8526236340366882,2
0.024,0.8481685768074776,0.8517946865455979,0.8532843844237578,2
0.026000000000000002,0.8485188732208315,0.8557210672777869,0.8574323440972677,2
0.028000000000000004,0.8524255878967275,0.8577872201340089,0.8616045285965255,2
0.03,0.8557434859269901,0.8546595216311593,0.855099441559714,2
0.032,0.8555218624669862,0.8566032821047148,0.8569475192082302,2
0.034,0.8699849749048943,0.8706408822119226,0.8707130757183494,2
0.036000000000000004,0.8763340405991703,0.8732824427480916,0.8730593026215322,2
0.038000000000000006,0.8812195505264813,0.8736157385372045,0.8740881699968284,2
0.04,0.8824950582033824,0.8757040693626985,0.8756448805190695,2
0.042,0.8889027043829655,0.8722923757116957,0.8737340064133092,2
0.044000000000000004,0.8884535248934913,0.8704382470119522,0.8703302307790386,2
0.046,0.9005226001650316,0.8805003771687201,0.8814814814814815,2
0.048,0.9005226001650316,0.8805003771687201,0.8814814814814815,2
0.05,0.9053522830359843,0.8935895465026903,0.8934534608406876,2
0.052000000000000005,0.9053522830359843,0.8935895465026903,0.8934534608406876,2
0.054000000000000006,0.9053522830359843,0.8935895465026903,0.8934534608406876,2
0.056,0.9053522830359843,0.8935895465026903,0.8934534608406876,2
0.058,0.9088939051918736,0.8917452684791319,0.8916086071890992,2
0.060000000000000005,0.9088939051918736,0.8917452684791319,0.8916086071890992,2
0.062,0.9190629904936772,0.8673488724654159,0.8673488724654159,2
0.064,0.9190629904936772,0.8673488724654159,0.8673488724654159,2
0.066,0.9190629904936772,0.8673488724654159,0.8673488724654159,2
0.068,0.9190629904936772,0.8673488724654159,0.8673488724654159,2
0.07,0.9190629904936772,0.8673488724654159,0.8673488724654159,2
0.07200000000000001,0.9230678743677214,0.8719137736558465,0.8719137736558465,2
0.07400000000000001,0.9230678743677214,0.8719137736558465,0.8719137736558465,2
0.076,0.9295019380409757,0.9045423034029599,0.9045423034029599,2
0.078,0.9295019380409757,0.9045423034029599,0.9045423034029599,2
